60 30
4 6 1 2 3 8 9 11
5 1 1
6 2 1 3
7 1 1
8 1 1
9 2 1 3
20 3 5 8 10
21 4 60 57 58 59
30 1 5
31 1 6
36 1 7
37 1 8
38 1 9
39 1 10
50 1 19
51 1 1
52 4 8 22 36 60
53 1 1
54 2 1 3
55 2 1 5
56 3 4 5 6
57 12 1 2 3 4 5 6 7 8 9 10 11 12
58 4 2 4 6 8
59 10 1 2 3 4 5 6 7 8 9 10
60 8 3 4 5 6 7 8 9 10
11 1 1
12 1 42
16 1 5
17 2 3 4
18 1 19
19 1 1
22 1 23
23 1 24
24 1 25
25 8 4 5 6 7 8 9 11 12
26 4 5 6 7 8
40 1 1
42 1 2
43 1 5
44 1 49
45 3 4 5 6
47 1 1
48 1 1
49 2 5 9
2 1 1
3 1 2
27 1 1
28 3 57 58 59
29 1 1
10 1 9
